Time(s),ChangePercentage
2.38,0.42
2.58,0.42
2.78,0.42
2.98,0.42
3.18,0.00
3.38,0.43
3.58,0.43
3.78,0.41
3.98,0.42
4.18,0.00
4.38,0.42
4.58,0.43
4.78,0.44
4.98,0.43
5.18,0.42
5.38,0.42
5.58,0.00
5.78,0.41
5.98,0.41
6.18,0.43
6.38,0.43
6.58,0.00
6.78,0.43
6.98,0.43
7.18,0.43
7.38,0.43
7.58,0.43
7.78,0.00
7.98,0.44
8.18,0.44
8.38,0.43
8.58,0.42
8.78,0.00
8.98,0.42
9.18,0.42
9.38,0.42
9.58,0.42
9.78,0.00
9.98,0.42
10.18,0.42
10.38,0.41
10.58,0.43
10.78,0.43
10.98,0.00
11.18,0.44
11.38,0.43
11.58,0.42
11.78,0.43
11.98,0.00
12.18,0.43
12.38,0.41
12.58,0.42
12.78,19.90
12.98,0.42
13.18,0.00
13.38,0.41
13.58,0.42
13.78,0.42
13.98,0.42
14.18,0.41
14.38,0.00
14.58,0.42
14.78,0.43
14.98,0.42
15.18,0.00
15.38,0.42
15.58,0.42
15.78,0.41
15.98,0.41
16.18,0.42
16.38,0.00
16.58,0.41
16.78,0.41
16.98,0.42
17.18,0.42
17.38,0.42
17.58,0.00
17.78,0.41
17.98,0.40
18.18,0.42
18.38,0.43
18.58,0.41
18.78,0.00
18.98,0.41
19.18,0.41
19.38,0.40
19.58,0.41
19.78,0.00
19.98,0.42
20.18,0.41
20.38,0.41
20.58,0.42
20.78,0.00
20.98,0.42
21.18,0.42
21.38,0.41
21.58,0.42
21.78,0.41
21.98,0.00
22.18,0.42
22.38,0.43
22.58,0.43
22.78,0.42
22.98,0.42
23.18,0.00
23.38,0.42
23.58,0.41
23.78,0.41
23.98,0.42
24.18,0.00
24.38,0.42
24.58,12.08
24.78,0.41
24.98,0.41
25.18,0.41
25.38,0.00
25.58,0.40
25.78,0.40
25.98,0.42
26.18,0.43
26.38,0.43
26.58,0.00
26.78,0.42
26.98,0.41
27.18,0.42
27.38,0.42
27.58,0.00
27.78,0.41
27.98,0.41
28.18,0.41
28.38,0.42
28.58,0.43
28.78,0.00
28.98,0.42
29.18,0.42
29.38,0.41
29.58,0.41
29.78,0.00
29.98,0.43
30.18,0.43
30.38,0.43
30.58,0.42
30.78,0.42
30.98,0.00
31.18,0.42
31.38,0.41
31.58,0.43
31.78,0.42
31.98,0.00
32.18,0.40
32.38,0.42
32.58,0.41
32.78,0.40
32.98,0.40
33.18,0.00
33.38,0.40
33.58,0.41
33.78,0.42
33.98,0.43
34.18,0.00
34.38,0.43
34.58,0.43
34.78,0.00
34.98,0.42
35.18,0.28
35.38,0.41
35.58,0.42
35.78,0.42
35.98,0.43
36.18,12.43
36.38,0.00
36.58,0.42
36.78,0.41
36.98,0.41
37.18,0.41
37.38,0.41
37.58,0.00
37.78,0.42
37.98,0.43
38.18,0.43
38.38,0.43
38.58,0.00
38.78,0.42
38.98,0.42
39.18,0.42
39.38,0.43
39.58,0.43
39.78,0.00
39.98,0.42
40.18,0.42
40.38,0.41
40.58,0.41
40.78,0.00
40.98,0.42
41.18,0.41
41.38,0.40
41.58,0.41
41.78,0.43
41.98,0.00
42.18,0.41
42.38,0.41
42.58,0.41
42.78,0.42
42.98,0.43
43.18,0.00
43.38,0.43
43.58,0.42
43.78,0.41
43.98,0.41
44.18,0.00
44.38,0.40
44.58,0.41
44.78,0.43
44.98,0.43
45.18,0.42
45.38,0.00
45.58,0.41
45.78,0.42
45.98,0.43
46.18,0.41
46.38,0.00
46.58,0.42
46.78,0.43
46.98,0.42
47.18,0.41
47.38,0.41
47.58,0.00
47.78,0.41
47.98,11.66
48.18,0.42
48.38,0.42
48.58,0.42
48.78,0.00
48.98,0.43
49.18,0.43
49.38,0.43
49.58,0.42
49.78,0.00
49.98,0.42
50.18,0.42
50.38,0.42
50.58,0.42
50.78,0.00
50.98,0.41
51.18,0.43
51.38,0.42
51.58,0.42
51.78,0.42
51.98,0.41
52.18,0.00
52.38,0.42
52.58,0.42
52.78,0.41
52.98,0.42
53.18,0.00
53.38,0.43
53.58,0.43
53.78,0.42
53.98,0.41
54.18,0.41
54.38,0.00
54.58,0.41
54.78,0.41
54.98,0.41
55.18,0.40
55.38,0.00
55.58,0.41
55.78,0.42
55.98,0.43
56.18,0.42
56.38,0.00
56.58,0.42
56.78,0.42
56.98,0.43
57.18,0.43
57.38,0.00
57.58,0.43
57.78,0.43
57.98,0.43
58.18,0.43
58.38,0.43
58.58,0.00
58.78,0.42
58.98,0.42
59.18,0.42
59.38,0.41
59.58,11.86
59.78,0.00
59.98,0.41
60.18,0.41
60.38,0.43
60.58,0.43
60.78,0.43
60.98,0.00
61.18,0.41
61.38,0.40
61.58,0.42
61.78,0.43
61.98,0.00
62.18,0.43
62.38,0.43
62.58,0.41
62.78,0.40
62.98,0.41
63.18,0.00
63.38,0.42
63.58,0.41
63.78,0.42
63.98,0.40
64.18,0.00
64.38,0.40
64.58,0.41
64.78,0.42
64.98,0.42
65.18,0.43
65.38,0.00
65.58,0.42
65.78,0.42
65.98,0.41
66.18,0.40
66.38,0.00
66.58,0.40
66.78,0.40
66.98,0.40
67.18,0.41
67.38,0.40
67.58,0.00
67.78,0.40
67.98,0.42
68.18,0.42
68.38,0.42
68.58,0.42
68.78,0.00
68.98,0.43
69.18,0.42
69.38,0.42
69.58,0.43
69.78,0.00
69.98,0.42
70.18,0.42
70.38,0.42
70.58,0.41
70.78,0.40
70.98,0.00
71.18,0.41
71.38,10.53
71.58,0.43
71.78,0.42
71.98,0.00
72.18,0.42
72.38,0.42
72.58,0.42
72.78,0.42
72.98,0.00
73.18,0.42
73.38,0.43
73.58,0.42
73.78,0.42
73.98,0.42
74.18,0.42
74.38,0.00
74.58,0.43
74.78,0.42
74.98,0.42
75.18,0.43
75.38,0.00
75.58,0.42
75.78,0.42
75.98,0.43
76.18,0.42
76.38,0.42
76.58,0.00
76.78,0.42
76.98,0.41
77.18,0.40
77.38,0.40
77.58,0.00
77.78,0.40
77.98,0.41
78.18,0.42
78.38,0.41
78.58,0.00
78.78,0.40
78.98,0.42
79.18,0.43
79.38,0.43
79.58,0.43
79.78,0.00
79.98,0.41
80.18,0.42
80.38,0.43
80.58,0.42
80.78,0.40
80.98,0.00
81.18,0.41
81.38,0.42
81.58,0.43
81.78,0.43
81.98,0.00
82.18,0.43
82.38,0.41
82.58,0.40
82.78,0.41
82.98,0.00
83.18,11.16
83.38,0.43
83.58,0.42
83.78,0.42
83.98,0.42
84.18,0.00
84.38,0.42
84.58,0.43
84.78,0.42
84.98,0.42
85.18,0.42
85.38,0.00
85.58,0.42
85.78,0.42
85.98,0.42
86.18,0.42
86.38,0.00
86.58,0.41
86.78,0.40
86.98,0.40
87.18,0.40
87.38,0.41
87.58,0.00
87.78,0.41
87.98,0.42
88.18,0.42
88.38,0.42
88.58,0.42
88.78,0.00
88.98,0.42
89.18,0.41
89.38,0.40
89.58,0.41
89.78,0.00
89.98,0.41
90.18,0.41
90.38,0.43
90.58,0.42
90.78,0.42
90.98,0.00
91.18,0.43
91.38,0.41
91.58,0.41
91.78,0.42
91.98,0.00
92.18,0.41
92.38,0.41
92.58,0.42
92.78,0.42
92.98,0.43
93.18,0.00
93.38,0.43
93.58,0.43
93.78,0.42
93.98,0.42
94.18,0.00
94.38,0.42
94.58,0.42
94.78,15.09
94.98,0.43
95.18,0.43
95.38,0.00
95.58,0.41
95.78,0.41
95.98,0.42
96.18,0.43
96.38,0.00
96.58,0.43
96.78,0.43
96.98,0.43
97.18,0.43
97.38,0.43
97.58,0.00
97.78,0.41
97.98,0.40
98.18,0.41
98.38,0.42
98.58,0.00
98.78,0.41
98.98,0.41
99.18,0.42
99.38,0.41
99.58,0.41
99.78,0.00
99.98,0.41
100.18,0.42
100.38,0.43
100.58,0.41
100.78,0.00
100.98,0.42
101.18,0.43
101.38,0.42
101.58,0.41
101.78,0.42
101.98,0.00
102.18,0.41
102.38,0.40
102.58,0.40
102.78,0.40
102.98,0.42
103.18,0.00
103.38,0.43
103.58,0.42
103.78,0.41
103.98,0.42
104.18,0.00
104.38,0.43
104.58,0.43
104.78,0.43
104.98,0.43
105.18,0.43
105.38,0.00
105.58,0.41
105.78,0.41
105.98,0.42
106.18,0.43
106.38,0.00
106.58,15.14
106.78,0.41
106.98,0.43
107.18,0.43
107.38,0.43
107.58,0.00
107.78,0.43
107.98,0.43
108.18,0.43
108.38,0.41
108.58,0.00
108.78,0.40
108.98,0.42
109.18,0.41
109.38,0.41
109.58,0.42
109.78,0.00
109.98,0.41
110.18,0.41
110.38,0.42
110.58,0.42
110.78,0.00
110.98,0.43
111.18,0.43
111.38,0.41
111.58,0.40
111.78,0.42
111.98,0.00
112.18,0.43
112.38,14.28
112.58,0.43
112.78,0.42
112.98,0.42
113.18,0.00
113.38,0.43
113.58,0.42
113.78,0.41
113.98,0.42
114.18,0.00
114.38,13.28
114.58,0.41
114.78,0.41
114.98,0.41
115.18,0.40
115.38,0.00
115.58,0.42
115.78,0.43
115.98,0.43
116.18,0.43
116.38,0.42
116.58,0.00
116.78,0.42
116.98,0.41
117.18,0.41
117.38,0.43
117.58,0.00
117.78,0.41
117.98,0.40
118.18,0.40
118.38,0.40
118.58,0.40
118.78,0.00
118.98,0.41
119.18,0.41
119.38,0.40
119.58,0.40
119.78,0.00
119.98,0.42
120.18,0.41
120.38,0.40
120.58,0.41
120.78,0.00
120.98,0.43
121.18,0.42
121.38,0.42
121.58,0.42
121.78,0.41
121.98,0.00
122.18,0.41
122.38,0.40
122.58,0.41
122.78,0.42
122.98,0.00
123.18,0.43
123.38,0.43
123.58,0.43
123.78,0.43
123.98,0.43
124.18,0.00
124.38,0.42
124.58,0.42
124.78,0.42
124.98,0.42
125.18,0.42
125.38,0.00
125.58,0.42
125.78,0.43
125.98,11.71
126.18,0.42
126.38,0.00
126.58,0.41
126.78,0.42
126.98,0.43
127.18,0.43
127.38,0.43
127.58,0.00
127.78,0.42
127.98,0.42
128.18,0.42
128.38,0.40
128.58,0.00
128.78,0.42
128.98,0.43
129.18,0.43
129.38,0.42
129.58,0.41
129.78,0.00
129.98,0.41
130.18,0.42
130.38,0.43
130.58,0.42
130.78,0.40
130.98,0.00
131.18,0.41
131.38,0.43
131.58,0.43
131.78,0.43
131.98,0.00
132.18,0.42
132.38,0.41
132.58,0.40
132.78,0.41
132.98,0.42
133.18,0.00
133.38,0.41
133.58,0.42
133.78,0.42
133.98,0.42
134.18,0.00
134.38,0.41
134.58,0.41
134.78,0.41
134.98,0.42
135.18,0.43
135.38,0.00
135.58,0.43
135.78,0.43
135.98,0.42
136.18,0.42
136.38,0.00
136.58,0.42
136.78,0.42
136.98,0.43
137.18,0.43
137.38,0.43
137.58,0.00
137.78,11.90
137.98,0.42
138.18,0.43
138.38,0.42
138.58,0.41
138.78,0.00
138.98,0.42
139.18,0.42
139.38,0.42
139.58,0.41
139.78,0.00
139.98,0.41
140.18,0.43
140.38,0.43
140.58,0.42
140.78,0.00
140.98,0.41
141.18,0.41
141.38,0.42
141.58,0.43
141.78,0.43
141.98,0.00
142.18,0.42
142.38,0.42
142.58,0.41
142.78,0.40
142.98,0.40
143.18,0.00
143.38,0.41
143.58,0.43
143.78,0.41
143.98,0.41
144.18,0.00
144.38,0.40
144.58,0.41
144.78,0.43
144.98,0.42
145.18,0.41
145.38,0.00
145.58,0.40
145.78,0.40
145.98,0.41
146.18,0.42
146.38,0.00
146.58,0.43
146.78,0.43
146.98,0.43
147.18,0.43
147.38,0.42
147.58,0.00
147.78,0.42
147.98,0.41
148.18,0.41
148.38,0.42
148.58,0.42
148.78,0.00
148.98,0.43
149.18,0.42
149.38,10.55
149.58,0.41
149.78,0.40
149.98,0.00
150.18,0.42
150.38,0.41
150.58,0.41
150.78,0.41
150.98,0.00
151.18,0.40
151.38,0.41
151.58,0.42
151.78,0.41
151.98,0.00
152.18,0.42
152.38,0.43
152.58,0.43
152.78,0.41
152.98,0.40
153.18,0.00
153.38,0.41
153.58,0.42
153.78,0.43
153.98,0.43
154.18,0.41
154.38,0.00
154.58,0.41
154.78,0.41
154.98,0.40
155.18,0.40
155.38,0.00
155.58,0.40
155.78,0.42
155.98,0.42
156.18,0.41
156.38,0.00
156.58,0.41
156.78,0.42
156.98,0.43
157.18,0.43
157.38,0.00
157.58,0.43
157.78,0.43
157.98,0.41
158.18,0.42
158.38,0.43
158.58,0.00
158.78,0.43
158.98,0.43
159.18,11.40
159.38,0.42
159.58,0.40
159.78,0.00
159.98,0.40
160.18,0.41
160.38,0.41
160.58,0.41
160.78,0.00
160.98,0.41
161.18,0.40
161.38,0.41
161.58,0.43
161.78,0.42
161.98,0.41
162.18,0.00
162.38,0.42
162.58,0.41
162.78,0.41
162.98,0.00
163.18,10.29
163.38,0.40
163.58,0.41
163.78,0.42
163.98,0.42
164.18,0.00
164.38,0.40
164.58,0.41
164.78,0.42
164.98,0.41
165.18,0.41
165.38,0.00
165.58,0.40
165.78,0.41
165.98,0.41
166.18,0.41
166.38,0.00
166.58,0.42
166.78,0.42
166.98,0.42
167.18,0.43
167.38,0.43
167.58,0.00
167.78,0.41
167.98,0.41
168.18,0.41
168.38,0.41
168.58,0.42
168.78,0.00
168.98,0.43
169.18,0.43
169.38,0.42
169.58,0.41
169.78,0.00
169.98,0.41
170.18,0.42
170.38,0.40
170.58,0.41
170.78,0.00
170.98,9.32
171.18,0.42
171.38,0.43
171.58,0.41
171.78,0.41
171.98,0.00
172.18,0.41
172.38,0.41
172.58,0.42
172.78,0.42
172.98,0.42
173.18,0.00
173.38,0.43
173.58,0.43
173.78,0.41
173.98,0.41
174.18,0.00
174.38,0.42
174.58,0.42
174.78,12.61
174.98,0.42
175.18,0.42
175.38,0.00
175.58,0.43
175.78,0.43
175.98,0.43
176.18,0.42
176.38,0.00
176.58,0.43
176.78,0.43
176.98,0.41
177.18,0.41
177.38,0.00
177.58,0.41
177.78,0.40
177.98,0.41
178.18,0.42
178.38,0.42
178.58,0.42
178.78,0.00
178.98,0.42
179.18,0.41
179.38,0.41
179.58,0.41
179.78,0.00
179.98,0.43
180.18,0.42
180.38,0.41
180.58,0.41
180.78,0.00
180.98,0.42
181.18,0.42
181.38,0.40
181.58,0.41
181.78,0.43
181.98,0.00
182.18,0.42
182.38,0.41
182.58,0.41
182.78,0.42
182.98,0.42
183.18,0.00
183.38,0.42
183.58,0.42
183.78,0.41
183.98,0.42
184.18,0.00
184.38,0.42
184.58,13.16
184.78,0.40
184.98,0.42
185.18,0.43
185.38,0.00
185.58,0.42
185.78,0.42
185.98,0.43
186.18,0.43
186.38,0.00
186.58,0.42
186.78,0.41
186.98,0.40
187.18,0.42
187.38,0.42
187.58,0.00
187.78,0.41
187.98,0.42
188.18,0.42
188.38,0.42
188.58,0.42
188.78,0.00
188.98,0.41
189.18,0.42
189.38,0.42
189.58,0.42
189.78,0.00
189.98,0.41
190.18,0.40
190.38,0.41
190.58,0.42
190.78,0.43
190.98,0.00
191.18,0.42
191.38,0.41
191.58,0.40
191.78,0.40
191.98,0.00
192.18,0.40
192.38,0.41
192.58,0.40
192.78,0.40
192.98,0.42
193.18,0.00
193.38,0.42
193.58,0.41
193.78,0.43
193.98,0.42
194.18,0.00
194.38,0.40
194.58,0.40
194.78,0.40
194.98,0.41
195.18,0.00
195.38,0.41
195.58,0.40
195.78,0.41
195.98,0.42
196.18,10.53
196.38,0.42
196.58,0.00
196.78,0.40
196.98,0.41
197.18,0.41
197.38,0.41
197.58,0.00
197.78,0.43
197.98,0.42
198.18,0.42
198.38,0.42
198.58,0.41
198.78,0.00
198.98,0.42
199.18,0.42
199.38,0.43
199.58,0.41
199.78,0.01
199.98,0.40
200.18,0.42
200.38,0.43
200.58,0.42
200.78,0.43
200.98,0.00
201.18,0.42
201.38,0.42
201.58,0.41
201.78,0.40
201.98,0.00
202.18,0.41
202.38,0.43
202.58,0.43
202.78,0.41
202.98,0.41
203.18,0.00
203.38,0.43
203.58,0.43
203.78,0.42
203.98,10.70
204.18,0.41
204.38,0.00
204.58,0.43
204.78,0.43
204.98,0.43
205.18,0.43
205.38,0.00
205.58,0.43
205.78,0.43
205.98,0.43
206.18,0.42
206.38,0.00
206.58,0.42
206.78,0.40
206.98,0.40
207.18,0.42
207.38,0.42
207.58,0.00
207.78,0.41
207.98,0.41
208.18,0.41
208.38,0.41
208.58,0.42
208.78,0.00
208.98,0.43
209.18,0.42
209.38,0.43
209.58,0.43
209.78,0.00
209.98,10.89
210.18,0.42
210.38,0.42
210.58,0.41
210.78,0.41
210.98,0.00
211.18,0.42
211.38,0.43
211.58,0.43
211.78,0.42
211.98,0.00
212.18,0.41
212.38,0.43
212.58,0.43
212.78,0.42
212.98,0.42
213.18,0.00
213.38,0.41
213.58,0.40
213.78,0.41
213.98,0.43
214.18,0.42
214.38,0.33
214.58,0.42
214.78,0.42
214.98,0.43
215.18,0.42
215.38,0.00
215.58,0.41
215.78,0.41
215.98,0.40
216.18,0.42
216.38,0.43
216.58,0.00
216.78,0.42
216.98,0.42
217.18,0.42
217.38,0.40
217.58,0.00
217.78,0.40
217.98,0.42
218.18,0.43
218.38,0.42
218.58,0.00
218.78,0.42
218.98,0.43
219.18,0.43
219.38,0.42
219.58,9.83
219.78,0.00
219.98,0.42
220.18,0.42
220.38,0.42
220.58,0.42
220.78,0.00
220.98,0.42
221.18,0.41
221.38,0.40
221.58,0.41
221.78,0.43
221.98,0.00
222.18,0.43
222.38,0.43
222.58,0.42
222.78,0.42
222.98,0.00
223.18,0.42
223.38,0.41
223.58,0.40
223.78,0.42
223.98,0.43
224.18,0.00
224.38,0.41
224.58,0.41
224.78,0.41
224.98,0.41
225.18,0.00
225.38,0.43
225.58,0.43
225.78,0.42
225.98,0.41
226.18,0.41
226.38,0.00
226.58,0.41
226.78,0.42
226.98,0.40
227.18,0.40
227.38,0.41
227.58,0.00
227.78,0.42
227.98,0.42
228.18,0.40
228.38,0.41
228.58,0.00
228.78,0.42
228.98,0.43
229.18,0.41
229.38,11.52
229.58,0.42
229.78,0.00
229.98,0.42
230.18,0.42
230.38,0.43
230.58,0.43
230.78,0.43
230.98,0.00
231.18,0.41
231.38,0.42
231.58,0.43
231.78,0.42
231.98,0.00
232.18,0.40
232.38,0.41
232.58,0.42
232.78,0.42
232.98,0.41
233.18,0.00
233.38,0.40
233.58,0.42
233.78,0.42
233.98,0.41
234.18,0.00
234.38,0.42
234.58,0.42
234.78,0.42
234.98,0.42
235.18,11.49
235.38,0.00
235.58,0.43
235.78,0.42
235.98,0.42
236.18,0.42
236.38,0.42
236.58,0.00
236.78,0.41
236.98,0.41
237.18,0.41
237.38,0.42
237.58,0.00
237.78,0.43
237.98,0.43
238.18,0.42
238.38,0.40
238.58,0.00
238.78,0.41
238.98,0.42
239.18,0.43
239.38,0.42
239.58,0.41
239.78,0.00
239.98,0.41
240.18,0.42
240.38,0.43
240.58,0.41
240.78,0.00
240.98,0.40
241.18,0.41
241.38,0.41
241.58,0.42
241.78,0.41
241.98,0.41
242.18,0.00
242.38,0.41
242.58,0.41
242.78,0.42
242.98,0.43
243.18,0.00
243.38,0.43
243.58,0.42
243.78,0.40
243.98,0.41
244.18,0.00
244.38,0.42
244.58,0.43
244.78,0.42
244.98,0.21
245.18,0.00
245.38,0.00
245.58,0.00
245.78,0.00
245.98,0.20
246.18,5.10
246.38,7.13
246.58,4.78
246.78,2.67
246.98,2.72
247.18,1.96
247.38,1.67
247.58,1.22
247.78,0.48
247.98,0.16
248.18,0.07
248.38,0.01
248.58,0.00
248.78,0.00
248.98,0.00
249.18,0.00
249.38,0.00
249.58,0.00
249.78,0.00
249.98,0.00
250.18,0.00
250.38,0.00
250.58,0.00
250.78,0.00
250.98,0.00
251.18,0.00
251.38,0.00
251.58,0.00
251.78,0.00
251.98,0.00
252.18,0.00
252.38,0.00
252.58,0.00
252.78,0.07
252.98,0.15
253.18,0.28
253.38,0.40
253.58,0.73
253.78,0.96
253.98,1.21
254.18,3.18
254.38,7.05
254.58,9.56
254.78,0.57
254.98,0.03
255.18,0.00
255.38,94.68
