Time(s),ChangePercentage
2.38,0.00
2.58,0.29
2.78,0.29
2.98,0.00
3.18,0.29
3.38,0.00
3.58,0.29
3.78,0.00
3.98,0.00
4.18,0.28
4.38,0.00
4.58,0.28
4.78,0.00
4.98,0.29
5.18,0.00
5.38,0.28
5.58,0.00
5.78,0.28
5.98,0.00
6.18,0.28
6.38,0.00
6.58,0.28
6.78,0.00
6.98,0.29
7.18,0.00
7.38,0.29
7.58,0.00
7.78,0.29
7.98,0.00
8.18,0.28
8.38,0.00
8.58,0.00
8.78,0.28
8.98,0.00
9.18,0.29
9.38,0.00
9.58,0.28
9.78,0.00
9.98,0.28
10.18,0.00
10.38,0.28
10.58,0.00
10.78,0.28
10.98,0.00
11.18,0.28
11.38,0.00
11.58,0.28
11.78,0.00
11.98,0.29
12.18,0.00
12.38,0.28
12.58,0.00
12.78,0.27
12.98,0.00
13.18,0.29
13.38,0.01
13.58,0.00
13.78,0.28
13.98,0.00
14.18,0.28
14.38,0.00
14.58,0.28
14.78,0.00
14.98,0.27
15.18,0.00
15.38,0.27
15.58,0.00
15.78,0.27
15.98,0.00
16.18,0.28
16.38,0.00
16.58,0.28
16.78,0.00
16.98,0.28
17.18,0.00
17.38,0.28
17.58,0.01
17.78,0.27
17.98,0.00
18.18,0.00
18.38,0.27
18.58,0.00
18.78,0.28
18.98,0.00
19.18,0.29
19.38,0.00
19.58,0.29
19.78,0.00
19.98,0.28
20.18,0.00
20.38,0.27
20.58,0.00
20.78,0.27
20.98,0.00
21.18,0.28
21.38,0.00
21.58,0.28
21.78,0.00
21.98,16.98
22.18,0.00
22.38,0.38
22.58,0.00
22.78,0.38
22.98,0.00
23.18,0.38
23.38,0.00
23.58,0.00
23.78,0.37
23.98,0.00
24.18,0.37
24.38,0.00
24.58,0.39
24.78,0.00
24.98,0.40
25.18,0.00
25.38,0.40
25.58,0.00
25.78,0.41
25.98,0.00
26.18,0.41
26.38,0.00
26.58,0.40
26.78,0.00
26.98,0.40
27.18,0.00
27.38,0.40
27.58,0.00
27.78,0.39
27.98,0.00
28.18,0.39
28.38,0.00
28.58,0.00
28.78,0.40
28.98,0.00
29.18,0.39
29.38,0.00
29.58,0.39
29.78,0.02
29.98,0.42
30.18,0.00
30.38,0.41
30.58,0.00
30.78,0.41
30.98,0.00
31.18,0.39
31.38,0.00
31.58,0.38
31.78,0.00
31.98,0.39
32.18,0.00
32.38,0.39
32.58,0.00
32.78,0.38
32.98,0.00
33.18,0.39
33.38,0.00
33.58,0.00
33.78,0.40
33.98,0.41
34.18,0.00
34.38,0.00
34.58,0.39
34.78,0.00
34.98,0.39
35.18,0.00
35.38,0.40
35.58,0.00
35.78,0.39
35.98,0.00
36.18,0.39
36.38,0.00
36.58,0.39
36.78,0.00
36.98,0.38
37.18,0.00
37.38,0.38
37.58,0.00
37.78,0.39
37.98,0.00
38.18,0.40
38.38,0.00
38.58,11.04
38.78,0.00
38.98,0.00
39.18,0.39
39.38,0.00
39.58,0.39
39.78,0.00
39.98,0.39
40.18,0.00
40.38,0.39
40.58,0.00
40.78,0.39
40.98,0.00
41.18,0.40
41.38,0.00
41.58,0.39
41.78,0.00
41.98,0.40
42.18,0.00
42.38,0.39
42.58,0.00
42.78,0.39
42.98,0.00
43.18,0.39
43.38,0.00
43.58,0.39
43.78,0.00
43.98,0.00
44.18,0.41
44.38,0.00
44.58,0.39
44.78,0.00
44.98,0.39
45.18,0.00
45.38,0.39
45.58,0.00
45.78,0.38
45.98,0.00
46.18,0.39
46.38,0.00
46.58,0.40
46.78,0.00
46.98,0.39
47.18,0.00
47.38,0.39
47.58,0.00
47.78,0.40
47.98,0.00
48.18,0.40
48.38,0.00
48.58,0.00
48.78,0.40
48.98,0.00
49.18,0.39
49.38,0.00
49.58,0.39
49.78,0.00
49.98,0.41
50.18,0.00
50.38,0.40
50.58,0.00
50.78,0.40
50.98,0.00
51.18,0.40
51.38,0.00
51.58,0.40
51.78,0.00
51.98,0.40
52.18,0.00
52.38,0.40
52.58,0.00
52.78,0.39
52.98,0.00
53.18,0.39
53.38,0.00
53.58,0.00
53.78,0.40
53.98,0.00
54.18,0.40
54.38,0.00
54.58,0.39
54.78,0.00
54.98,0.39
55.18,0.00
55.38,12.18
55.58,0.00
55.78,0.39
55.98,0.00
56.18,0.38
56.38,0.00
56.58,0.38
56.78,0.00
56.98,0.38
57.18,0.00
57.38,0.38
57.58,0.00
57.78,0.39
57.98,0.00
58.18,0.40
58.38,0.00
58.58,0.39
58.78,0.00
58.98,0.00
59.18,0.40
59.38,0.00
59.58,0.40
59.78,0.00
59.98,0.39
60.18,0.00
60.38,0.39
60.58,0.00
60.78,0.40
60.98,0.00
61.18,0.40
61.38,0.00
61.58,0.40
61.78,0.00
61.98,0.40
62.18,0.00
62.38,0.40
62.58,0.00
62.78,0.39
62.98,0.00
63.18,0.39
63.38,0.00
63.58,0.00
63.78,0.40
63.98,0.00
64.18,0.40
64.38,0.00
64.58,0.41
64.78,0.00
64.98,0.40
65.18,0.00
65.38,0.40
65.58,0.00
65.78,0.41
65.98,0.00
66.18,0.41
66.38,0.00
66.58,0.39
66.78,0.00
66.98,0.39
67.18,0.00
67.38,0.39
67.58,0.00
67.78,0.39
67.98,0.00
68.18,0.40
68.38,0.00
68.58,0.00
68.78,0.38
68.98,0.00
69.18,0.39
69.38,0.00
69.58,0.39
69.78,0.00
69.98,0.38
70.18,0.00
70.38,0.38
70.58,0.00
70.78,0.38
70.98,0.00
71.18,0.39
71.38,0.00
71.58,0.40
71.78,0.00
71.98,0.40
72.18,0.00
72.38,0.40
72.58,0.00
72.78,0.40
72.98,0.00
73.18,0.40
73.38,0.00
73.58,0.40
73.78,0.00
73.98,0.00
74.18,0.39
74.38,0.00
74.58,0.38
74.78,0.00
74.98,0.38
75.18,0.00
75.38,13.27
75.58,0.00
75.78,0.39
75.98,0.00
76.18,0.39
76.38,0.00
76.58,0.39
76.78,0.00
76.98,0.39
77.18,0.00
77.38,0.40
77.58,0.00
77.78,0.39
77.98,0.00
78.18,0.39
78.38,0.00
78.58,0.00
78.78,0.39
78.98,0.00
79.18,0.40
79.38,0.00
79.58,0.40
79.78,0.00
79.98,0.38
80.18,0.00
80.38,0.38
80.58,0.00
80.78,0.38
80.98,0.00
81.18,0.40
81.38,0.00
81.58,0.41
81.78,0.00
81.98,0.39
82.18,0.00
82.38,0.38
82.58,0.00
82.78,0.39
82.98,0.00
83.18,0.40
83.38,0.00
83.58,0.40
83.78,0.01
83.98,0.01
84.18,0.40
84.38,0.00
84.58,0.39
84.78,0.00
84.98,0.39
85.18,0.00
85.38,0.40
85.58,0.00
85.78,0.39
85.98,0.00
86.18,0.39
86.38,0.00
86.58,0.38
86.78,0.00
86.98,0.38
87.18,0.00
87.38,0.38
87.58,0.00
87.78,0.39
87.98,0.01
88.18,0.41
88.38,0.00
88.58,0.38
88.78,0.00
88.98,0.00
89.18,0.38
89.38,0.00
89.58,0.40
89.78,0.00
89.98,0.40
90.18,0.00
90.38,0.40
90.58,0.00
90.78,0.39
90.98,0.00
91.18,0.38
91.38,0.00
91.58,0.39
91.78,0.00
91.98,0.41
92.18,0.00
92.38,0.41
92.58,0.00
92.78,0.40
92.98,0.00
93.18,0.39
93.38,0.00
93.58,0.00
93.78,0.38
93.98,0.00
94.18,0.40
94.38,0.00
94.58,0.41
94.78,0.00
94.98,0.41
95.18,0.00
95.38,13.30
95.58,0.00
95.78,0.40
95.98,0.00
96.18,0.40
96.38,0.00
96.58,0.40
96.78,0.00
96.98,0.39
97.18,0.00
97.38,0.38
97.58,0.00
97.78,0.40
97.98,0.00
98.18,0.40
98.38,0.00
98.58,0.39
98.78,0.00
98.98,0.00
99.18,0.39
99.38,0.00
99.58,0.41
99.78,0.00
99.98,0.41
100.18,0.00
100.38,0.40
100.58,0.00
100.78,0.40
100.98,0.00
101.18,0.41
101.38,0.00
101.58,0.41
101.78,0.00
101.98,0.40
102.18,0.00
102.38,0.38
102.58,0.00
102.78,0.38
102.98,0.00
103.18,0.00
103.38,0.39
103.58,0.00
103.78,0.40
103.98,0.00
104.18,0.40
104.38,0.00
104.58,0.39
104.78,0.00
104.98,0.39
105.18,0.00
105.38,0.40
105.58,0.00
105.78,0.40
105.98,0.00
106.18,0.39
106.38,0.00
106.58,0.39
106.78,0.00
106.98,0.39
107.18,0.00
107.38,0.40
107.58,0.00
107.78,0.41
107.98,0.00
108.18,0.41
108.38,0.00
108.58,0.39
108.78,0.00
108.98,0.00
109.18,0.40
109.38,0.00
109.58,0.41
109.78,0.00
109.98,0.41
110.18,0.00
110.38,0.40
110.58,0.00
110.78,0.39
110.98,0.00
111.18,0.39
111.38,0.00
111.58,0.38
111.78,0.00
111.98,0.39
112.18,0.00
112.38,0.40
112.58,0.00
112.78,0.40
112.98,0.00
113.18,0.40
113.38,0.00
113.58,0.41
113.78,0.15
113.98,0.00
114.18,0.39
114.38,0.00
114.58,0.40
114.78,0.00
114.98,0.39
115.18,0.00
115.38,13.31
115.58,0.00
115.78,0.40
115.98,0.00
116.18,0.40
116.38,0.00
116.58,0.41
116.78,0.00
116.98,0.39
117.18,0.00
117.38,0.38
117.58,0.00
117.78,0.39
117.98,0.00
118.18,0.37
118.38,0.00
118.58,0.00
118.78,0.39
118.98,0.00
119.18,0.40
119.38,0.40
119.58,0.17
119.78,0.00
119.98,0.40
120.18,0.00
120.38,0.40
120.58,0.00
120.78,0.39
120.98,0.00
121.18,0.39
121.38,0.00
121.58,0.38
121.78,0.00
121.98,0.38
122.18,0.00
122.38,0.39
122.58,0.00
122.78,0.39
122.98,0.00
123.18,0.40
123.38,0.00
123.58,0.40
123.78,0.00
123.98,0.00
124.18,0.40
124.38,0.00
124.58,0.40
124.78,0.00
124.98,0.39
125.18,0.00
125.38,0.39
125.58,0.00
125.78,0.40
125.98,0.00
126.18,0.40
126.38,0.00
126.58,0.39
126.78,0.00
126.98,0.39
127.18,0.00
127.38,0.40
127.58,0.00
127.78,0.39
127.98,0.00
128.18,0.39
128.38,0.00
128.58,0.39
128.78,0.00
128.98,0.00
129.18,0.39
129.38,0.00
129.58,0.40
129.78,0.00
129.98,0.40
130.18,0.00
130.38,0.40
130.58,0.00
130.78,0.40
130.98,0.00
131.18,0.39
131.38,0.00
131.58,0.38
131.78,0.00
131.98,13.20
132.18,0.00
132.38,0.39
132.58,0.00
132.78,0.38
132.98,0.00
133.18,0.39
133.38,0.00
133.58,0.00
133.78,0.40
133.98,0.00
134.18,0.40
134.38,0.00
134.58,0.39
134.78,0.00
134.98,0.39
135.18,0.00
135.38,0.38
135.58,0.00
135.78,0.37
135.98,0.00
136.18,0.38
136.38,0.00
136.58,0.39
136.78,0.00
136.98,0.39
137.18,0.00
137.38,0.38
137.58,0.00
137.78,0.40
137.98,0.00
138.18,0.39
138.38,0.00
138.58,0.00
138.78,0.39
138.98,0.00
139.18,0.40
139.38,0.00
139.58,0.40
139.78,0.00
139.98,0.40
140.18,0.00
140.38,0.40
140.58,0.00
140.78,0.40
140.98,0.00
141.18,0.41
141.38,0.00
141.58,0.39
141.78,0.00
141.98,0.38
142.18,0.00
142.38,0.38
142.58,0.00
142.78,0.39
142.98,0.00
143.18,0.40
143.38,0.00
143.58,0.00
143.78,0.38
143.98,0.00
144.18,0.38
144.38,0.00
144.58,0.39
144.78,0.00
144.98,0.40
145.18,0.00
145.38,0.40
145.58,0.00
145.78,0.40
145.98,0.00
146.18,0.39
146.38,0.00
146.58,0.39
146.78,0.00
146.98,0.40
147.18,0.00
147.38,0.40
147.58,0.00
147.78,0.40
147.98,0.00
148.18,0.00
148.38,0.40
148.58,13.38
148.78,0.00
148.98,0.00
149.18,0.38
149.38,0.00
149.58,0.39
149.78,0.00
149.98,0.39
150.18,0.00
150.38,0.39
150.58,0.00
150.78,0.40
150.98,0.00
151.18,0.39
151.38,0.00
151.58,0.38
151.78,0.00
151.98,0.39
152.18,0.00
152.38,0.39
152.58,0.00
152.78,0.38
152.98,0.00
153.18,0.38
153.38,0.00
153.58,0.38
153.78,0.00
153.98,0.00
154.18,0.39
154.38,0.00
154.58,0.39
154.78,0.00
154.98,0.38
155.18,0.00
155.38,0.39
155.58,0.00
155.78,0.39
155.98,0.00
156.18,0.39
156.38,0.00
156.58,0.39
156.78,0.00
156.98,0.38
157.18,0.00
157.38,0.38
157.58,0.00
157.78,0.38
157.98,0.00
158.18,0.38
158.38,0.00
158.58,0.39
158.78,0.00
158.98,0.00
159.18,0.40
159.38,0.00
159.58,0.39
159.78,0.00
159.98,0.40
160.18,0.00
160.38,0.38
160.58,0.00
160.78,0.37
160.98,0.00
161.18,0.38
161.38,0.00
161.58,0.38
161.78,0.00
161.98,0.38
162.18,0.00
162.38,0.38
162.58,0.00
162.78,0.38
162.98,0.00
163.18,0.39
163.38,0.00
163.58,0.00
163.78,0.39
163.98,0.00
164.18,0.39
164.38,0.00
164.58,0.40
164.78,0.00
164.98,0.41
165.18,0.00
165.38,0.39
165.58,0.00
165.78,0.38
165.98,0.00
166.18,0.39
166.38,0.00
166.58,0.39
166.78,0.00
166.98,0.39
167.18,0.00
167.38,0.41
167.58,0.00
167.78,0.40
167.98,0.00
168.18,0.40
168.38,0.00
168.58,14.21
168.78,0.00
168.98,0.00
169.18,0.39
169.38,0.00
169.58,0.40
169.78,0.00
169.98,0.40
170.18,0.00
170.38,0.39
170.58,0.00
170.78,0.39
170.98,0.00
171.18,0.39
171.38,0.00
171.58,0.39
171.78,0.00
171.98,0.40
172.18,0.00
172.38,0.40
172.58,0.00
172.78,0.39
172.98,0.00
173.18,0.39
173.38,0.00
173.58,0.39
173.78,0.00
173.98,0.37
174.18,0.00
174.38,0.00
174.58,0.39
174.78,0.00
174.98,0.41
175.18,0.00
175.38,0.41
175.58,0.00
175.78,0.41
175.98,0.00
176.18,0.39
176.38,0.00
176.58,0.38
176.78,0.00
176.98,0.39
177.18,0.00
177.38,0.40
177.58,0.00
177.78,0.39
177.98,0.00
178.18,0.38
178.38,0.00
178.58,0.38
178.78,0.00
178.98,0.00
179.18,0.39
179.38,0.00
179.58,0.39
179.78,0.00
179.98,0.39
180.18,0.00
180.38,0.40
180.58,0.00
180.78,0.40
180.98,0.00
181.18,0.40
181.38,0.00
181.58,0.40
181.78,0.00
181.98,0.39
182.18,0.00
182.38,0.38
182.58,0.00
182.78,0.38
182.98,0.00
183.18,0.38
183.38,0.00
183.58,0.00
183.78,0.40
183.98,0.00
184.18,0.39
184.38,0.00
184.58,0.38
184.78,0.00
184.98,0.38
185.18,0.00
185.38,0.38
185.58,0.00
185.78,0.39
185.98,0.00
186.18,0.40
186.38,0.00
186.58,0.40
186.78,0.00
186.98,0.39
187.18,0.00
187.38,0.39
187.58,0.00
187.78,0.40
187.98,0.00
188.18,0.38
188.38,0.00
188.58,14.42
188.78,0.00
188.98,0.00
189.18,0.40
189.38,0.00
189.58,0.40
189.78,0.00
189.98,0.00
190.18,0.39
190.38,0.32
190.58,0.00
190.78,0.38
190.98,0.00
191.18,0.39
191.38,0.00
191.58,0.40
191.78,0.00
191.98,0.40
192.18,0.00
192.38,0.39
192.58,0.00
192.78,0.39
192.98,0.00
193.18,0.39
193.38,0.00
193.58,0.39
193.78,0.00
193.98,0.00
194.18,0.39
194.38,0.00
194.58,0.38
194.78,0.00
194.98,0.37
195.18,0.00
195.38,0.37
195.58,0.00
195.78,0.38
195.98,0.00
196.18,0.39
196.38,0.00
196.58,0.39
196.78,0.00
196.98,0.38
197.18,0.00
197.38,0.39
197.58,0.00
197.78,0.39
197.98,0.00
198.18,0.40
198.38,0.00
198.58,0.00
198.78,0.40
198.98,0.40
199.18,0.00
199.38,0.00
199.58,0.40
199.78,0.00
199.98,0.38
200.18,0.00
200.38,0.39
200.58,0.00
200.78,0.39
200.98,0.00
201.18,0.38
201.38,0.00
201.58,0.39
201.78,0.00
201.98,0.40
202.18,0.00
202.38,0.39
202.58,0.00
202.78,0.38
202.98,0.00
203.18,0.39
203.38,0.00
203.58,0.00
203.78,0.40
203.98,0.39
204.18,0.00
204.38,0.00
204.58,0.38
204.78,0.00
204.98,0.37
205.18,0.00
205.38,12.30
205.58,0.00
205.78,0.38
205.98,0.00
206.18,0.40
206.38,0.00
206.58,0.39
206.78,0.00
206.98,0.39
207.18,0.00
207.38,0.38
207.58,0.00
207.78,0.38
207.98,0.00
208.18,0.38
208.38,0.00
208.58,0.38
208.78,0.00
208.98,0.00
209.18,0.40
209.38,0.00
209.58,0.40
209.78,0.00
209.98,0.39
210.18,0.00
210.38,0.39
210.58,0.00
210.78,0.40
210.98,0.00
211.18,0.39
211.38,0.00
211.58,0.38
211.78,0.00
211.98,0.38
212.18,0.00
212.38,0.39
212.58,0.00
212.78,0.38
212.98,0.00
213.18,0.39
213.38,0.00
213.58,0.40
213.78,0.15
213.98,0.00
214.18,0.38
214.38,0.00
214.58,0.39
214.78,0.00
214.98,0.40
215.18,0.00
215.38,0.40
215.58,0.00
215.78,0.40
215.98,0.00
216.18,0.39
216.38,0.00
216.58,0.39
216.78,0.00
216.98,0.40
217.18,0.00
217.38,0.40
217.58,0.00
217.78,0.40
217.98,0.00
218.18,0.39
218.38,0.00
218.58,0.00
218.78,0.39
218.98,0.00
219.18,0.40
219.38,0.00
219.58,0.40
219.78,0.00
219.98,0.39
220.18,0.00
220.38,0.38
220.58,0.00
220.78,0.38
220.98,0.00
221.18,0.38
221.38,0.00
221.58,0.39
221.78,0.00
221.98,0.39
222.18,0.00
222.38,0.38
222.58,0.00
222.78,0.39
222.98,0.00
223.18,0.39
223.38,0.00
223.58,0.40
223.78,0.00
223.98,0.00
224.18,0.40
224.38,0.00
224.58,0.39
224.78,0.00
224.98,0.39
225.18,0.00
225.38,12.53
225.58,0.00
225.78,0.40
225.98,0.00
226.18,0.39
226.38,0.00
226.58,0.39
226.78,0.00
226.98,0.39
227.18,0.00
227.38,0.39
227.58,0.00
227.78,0.39
227.98,0.00
228.18,0.39
228.38,0.00
228.58,0.39
228.78,0.00
228.98,0.00
229.18,0.39
229.38,0.00
229.58,0.39
229.78,0.00
229.98,0.37
230.18,0.00
230.38,0.39
230.58,0.00
230.78,0.40
230.98,0.00
231.18,0.39
231.38,0.00
231.58,0.38
231.78,0.00
231.98,0.38
232.18,0.00
232.38,0.39
232.58,0.00
232.78,0.40
232.98,0.00
233.18,0.40
233.38,0.00
233.58,0.40
233.78,0.00
233.98,0.00
234.18,0.40
234.38,0.00
234.58,0.39
234.78,0.00
234.98,0.39
235.18,0.00
235.38,0.40
235.58,0.00
235.78,0.39
235.98,0.00
236.18,0.39
236.38,0.00
236.58,0.40
236.78,0.00
236.98,0.40
237.18,0.00
237.38,0.39
237.58,0.00
237.78,0.38
237.98,0.00
238.18,0.39
238.38,0.00
238.58,0.00
238.78,0.39
238.98,0.00
239.18,0.38
239.38,0.00
239.58,0.38
239.78,0.00
239.98,0.38
240.18,0.00
240.38,0.39
240.58,0.00
240.78,0.40
240.98,0.00
241.18,0.40
241.38,0.00
241.58,0.40
241.78,0.00
241.98,0.40
242.18,0.00
242.38,0.40
242.58,0.00
242.78,0.39
242.98,0.00
243.18,0.00
243.38,0.38
243.58,0.00
243.78,0.38
243.98,0.39
244.18,0.00
244.38,0.00
244.58,0.40
244.78,0.00
244.98,0.39
245.18,0.00
245.38,13.98
245.58,0.00
245.78,0.39
245.98,0.00
246.18,0.38
246.38,0.00
246.58,0.39
246.78,0.00
246.98,0.39
247.18,0.00
247.38,0.39
247.58,0.00
247.78,0.38
247.98,0.00
248.18,0.38
248.38,0.00
248.58,0.00
248.78,0.40
248.98,0.00
249.18,0.39
249.38,0.00
249.58,0.38
249.78,0.00
249.98,0.40
250.18,0.00
250.38,0.39
250.58,0.00
250.78,0.38
250.98,0.00
251.18,0.39
251.38,0.00
251.58,0.39
251.78,0.00
251.98,0.38
252.18,0.00
252.38,0.38
252.58,0.00
252.78,0.38
252.98,0.00
253.18,0.38
253.38,0.00
253.58,0.00
253.78,0.38
253.98,0.00
254.18,0.39
254.38,0.00
254.58,0.39
254.78,0.00
254.98,0.39
255.18,0.00
255.38,0.40
255.58,0.00
255.78,0.40
255.98,0.00
256.18,0.39
256.38,0.00
256.58,0.38
256.78,0.00
256.98,0.39
257.18,0.00
257.38,0.40
257.58,0.00
257.78,0.40
257.98,0.00
258.18,0.39
258.38,0.00
258.58,0.00
258.78,0.40
258.98,0.00
259.18,0.40
259.38,0.00
259.58,0.39
259.78,0.00
259.98,0.39
260.18,0.00
260.38,0.39
260.58,0.00
260.78,0.39
260.98,0.00
261.18,0.38
261.38,0.00
261.58,0.37
261.78,0.00
261.98,0.38
262.18,0.00
262.38,0.38
262.58,0.00
262.78,0.38
262.98,0.00
263.18,0.38
263.38,0.00
263.58,0.39
263.78,0.00
263.98,0.00
264.18,0.40
264.38,0.00
264.58,0.40
264.78,0.00
264.98,0.39
265.18,0.00
265.38,12.48
265.58,0.00
265.78,0.39
265.98,0.00
266.18,0.39
266.38,0.00
266.58,0.40
266.78,0.00
266.98,0.40
267.18,0.00
267.38,0.39
267.58,0.00
267.78,0.38
267.98,0.00
268.18,0.39
268.38,0.00
268.58,0.40
268.78,0.00
268.98,0.00
269.18,0.40
269.38,0.00
269.58,0.39
269.78,0.00
269.98,0.39
270.18,0.00
270.38,0.40
270.58,0.00
270.78,0.40
270.98,0.00
271.18,0.39
271.38,0.00
271.58,0.39
271.78,0.00
271.98,0.40
272.18,0.00
272.38,0.38
272.58,0.00
272.78,0.38
272.98,0.00
273.18,0.39
273.38,0.00
273.58,0.39
273.78,0.00
273.98,0.00
274.18,0.38
274.38,0.00
274.58,0.39
274.78,0.00
274.98,0.40
275.18,0.00
275.38,0.40
275.58,0.00
275.78,0.39
275.98,0.00
276.18,0.39
276.38,0.00
276.58,0.40
276.78,0.00
276.98,0.40
277.18,0.00
277.38,0.39
277.58,0.00
277.78,0.38
277.98,0.00
278.18,0.38
278.38,0.00
278.58,8.06
278.78,0.00
278.98,0.00
279.18,0.39
279.38,0.00
279.58,0.38
279.78,0.00
279.98,0.38
280.18,0.00
280.38,0.38
280.58,0.00
280.78,0.39
280.98,0.00
281.18,0.40
281.38,0.00
281.58,0.40
281.78,0.00
281.98,0.39
282.18,0.00
282.38,0.39
282.58,0.00
282.78,0.40
282.98,0.00
283.18,0.39
283.38,0.00
283.58,0.38
283.78,0.00
283.98,0.00
284.18,0.39
284.38,0.00
284.58,0.39
284.78,0.00
284.98,0.40
285.18,0.00
285.38,0.40
285.58,0.00
285.78,0.40
285.98,0.00
286.18,0.39
286.38,0.00
286.58,0.39
286.78,0.00
286.98,0.40
287.18,0.00
287.38,0.40
287.58,0.00
287.78,0.39
287.98,0.00
288.18,0.38
288.38,0.00
288.58,0.00
288.78,0.39
288.98,0.00
289.18,0.39
289.38,0.00
289.58,0.39
289.78,0.00
289.98,0.39
290.18,0.00
290.38,0.39
290.58,0.00
290.78,0.39
290.98,0.00
291.18,0.39
291.38,0.00
291.58,0.39
291.78,0.00
291.98,10.80
292.18,0.01
292.38,0.38
292.58,0.00
292.78,0.39
292.98,0.00
293.18,0.00
293.38,0.40
293.58,0.40
293.78,0.00
293.98,0.00
294.18,0.40
294.38,0.00
294.58,0.38
294.78,0.00
294.98,0.39
295.18,0.00
295.38,0.40
295.58,0.01
295.78,0.38
295.98,0.00
296.18,0.38
296.38,0.00
296.58,0.38
296.78,0.00
296.98,0.38
297.18,0.00
297.38,0.38
297.58,0.00
297.78,0.38
297.98,0.00
298.18,0.00
298.38,0.39
298.58,0.00
298.78,0.40
298.98,0.00
299.18,0.39
299.38,0.00
299.58,0.40
299.78,0.01
299.98,0.40
300.18,0.00
300.38,0.39
300.58,0.00
300.78,0.39
300.98,0.00
301.18,0.40
301.38,0.00
301.58,0.40
301.78,0.00
301.98,0.40
302.18,0.00
302.38,0.40
302.58,0.00
302.78,0.39
302.98,0.00
303.18,0.39
303.38,0.00
303.58,0.00
303.78,0.40
303.98,0.01
304.18,0.39
304.38,0.00
304.58,0.38
304.78,0.00
304.98,0.39
305.18,0.00
305.38,0.39
305.58,0.00
305.78,0.39
305.98,0.00
306.18,0.39
306.38,0.00
306.58,0.39
306.78,0.00
306.98,0.40
307.18,0.00
307.38,0.38
307.58,0.00
307.78,0.38
307.98,0.00
308.18,0.39
308.38,0.00
308.58,0.00
308.78,0.19
308.98,0.00
309.18,0.00
309.38,0.00
309.58,0.00
309.78,3.07
309.98,8.48
310.18,6.18
310.38,3.22
310.58,3.24
310.78,2.38
310.98,1.68
311.18,0.93
311.38,0.22
311.58,0.09
311.78,0.01
311.98,0.00
312.18,0.00
312.38,0.00
312.58,0.00
312.78,0.00
312.98,0.00
313.18,0.00
313.38,0.00
313.58,0.00
313.78,0.00
313.98,0.00
314.18,0.00
314.38,0.00
314.58,0.00
314.78,0.00
314.98,0.00
315.18,0.00
315.38,0.00
315.58,0.09
315.78,0.22
315.98,0.43
316.18,0.72
316.38,1.09
316.58,1.42
316.78,3.96
316.98,11.22
317.18,5.80
317.38,0.23
317.58,0.00
317.78,0.00
