Time(s),ChangePercentage
2.38,0.45
2.58,0.47
2.78,0.48
2.98,0.00
3.18,0.48
3.38,0.48
3.58,0.47
3.78,0.46
3.98,0.46
4.18,0.46
4.38,0.46
4.58,0.46
4.78,0.00
4.98,0.47
5.18,0.47
5.38,0.58
5.58,0.47
5.78,0.48
5.98,0.48
6.18,0.46
6.38,0.45
6.58,0.46
6.78,0.00
6.98,0.46
7.18,0.47
7.38,0.48
7.58,0.47
7.78,0.47
7.98,0.47
8.18,0.47
8.38,0.48
8.58,0.00
8.78,0.48
8.98,0.47
9.18,0.46
9.38,0.46
9.58,0.47
9.78,0.48
9.98,0.48
10.18,0.47
10.38,0.46
10.58,0.00
10.78,0.47
10.98,0.48
11.18,0.48
11.38,0.47
11.58,0.46
11.78,0.47
11.98,0.47
12.18,0.46
12.38,0.00
12.58,0.47
12.78,0.48
12.98,0.46
13.18,0.47
13.38,0.48
13.58,0.48
13.78,0.47
13.98,0.47
14.18,0.48
14.38,0.00
14.58,0.48
14.78,0.46
14.98,0.45
15.18,0.46
15.38,0.46
15.58,22.32
15.78,0.86
15.98,0.00
16.18,0.43
16.38,0.44
16.58,0.44
16.78,0.43
16.98,0.41
17.18,0.40
17.38,0.42
17.58,0.44
17.78,0.00
17.98,0.44
18.18,0.44
18.38,0.43
18.58,0.42
18.78,0.41
18.98,0.42
19.18,0.43
19.38,0.43
19.58,0.42
19.78,0.00
19.98,0.43
20.18,0.44
20.38,0.44
20.58,0.42
20.78,0.43
20.98,0.42
21.18,0.41
21.38,0.00
21.58,0.41
21.78,0.42
21.98,0.30
22.18,0.43
22.38,0.42
22.58,0.41
22.78,0.41
22.98,0.42
23.18,0.42
23.38,0.00
23.58,0.41
23.78,0.00
23.98,0.42
24.18,0.44
24.38,0.43
24.58,0.40
24.78,0.42
24.98,0.42
25.18,0.42
25.38,0.00
25.58,0.42
25.78,0.42
25.98,0.43
26.18,0.42
26.38,0.42
26.58,0.43
26.78,0.43
26.98,0.43
27.18,0.41
27.38,0.43
27.58,0.00
27.78,0.43
27.98,0.43
28.18,0.42
28.38,0.41
28.58,0.41
28.78,0.43
28.98,13.57
29.18,0.40
29.38,0.00
29.58,0.41
29.78,0.42
29.98,0.43
30.18,0.44
30.38,0.43
30.58,0.43
30.78,0.43
30.98,0.00
31.18,0.43
31.38,0.43
31.58,0.43
31.78,0.42
31.98,0.42
32.18,0.43
32.38,0.43
32.58,0.43
32.78,0.00
32.98,0.43
33.18,0.43
33.38,0.42
33.58,0.44
33.78,0.43
33.98,0.41
34.18,0.41
34.38,0.41
34.58,0.41
34.78,0.42
34.98,0.00
35.18,0.43
35.38,0.43
35.58,0.42
35.78,0.42
35.98,0.44
36.18,0.43
36.38,0.43
36.58,0.00
36.78,0.44
36.98,0.44
37.18,0.42
37.38,0.41
37.58,0.41
37.78,0.41
37.98,0.41
38.18,0.42
38.38,0.00
38.58,0.43
38.78,0.43
38.98,0.43
39.18,0.44
39.38,0.44
39.58,0.44
39.78,0.43
39.98,0.42
40.18,0.00
40.38,0.43
40.58,0.00
40.78,0.44
40.98,0.44
41.18,15.44
41.38,0.41
41.58,0.43
41.78,0.43
41.98,0.41
42.18,0.00
42.38,0.42
42.58,0.42
42.78,0.42
42.98,0.42
43.18,0.42
43.38,0.44
43.58,0.43
43.78,0.42
43.98,0.41
44.18,0.00
44.38,0.42
44.58,0.43
44.78,0.44
44.98,0.43
45.18,0.42
45.38,0.42
45.58,0.43
45.78,0.43
45.98,0.42
46.18,0.00
46.38,0.42
46.58,0.42
46.78,0.42
46.98,0.43
47.18,0.44
47.38,0.44
47.58,0.43
47.78,0.00
47.98,0.42
48.18,0.41
48.38,0.42
48.58,0.42
48.78,0.42
48.98,0.44
49.18,0.42
49.38,0.42
49.58,0.42
49.78,0.00
49.98,0.43
50.18,0.44
50.38,0.44
50.58,0.43
50.78,0.42
50.98,0.42
51.18,0.44
51.38,0.44
51.58,0.00
51.78,0.44
51.98,0.43
52.18,0.42
52.38,0.41
52.58,0.42
52.78,0.42
52.98,0.41
53.18,0.41
53.38,0.00
53.58,0.40
53.78,0.42
53.98,0.44
54.18,0.44
54.38,0.43
54.58,11.37
54.78,0.43
54.98,0.43
55.18,0.43
55.38,0.43
55.58,0.00
55.78,0.42
55.98,0.42
56.18,0.44
56.38,0.44
56.58,0.44
56.78,0.44
56.98,0.44
57.18,0.43
57.38,0.00
57.58,0.42
57.78,0.42
57.98,0.43
58.18,0.42
58.38,0.42
58.58,0.43
58.78,0.43
58.98,0.00
59.18,0.42
59.38,0.00
59.58,0.41
59.78,0.41
59.98,0.42
60.18,0.43
60.38,0.42
60.58,0.41
60.78,0.43
60.98,0.42
61.18,0.00
61.38,0.42
61.58,0.43
61.78,0.42
61.98,0.42
62.18,0.42
62.38,0.41
62.58,0.41
62.78,0.42
62.98,0.00
63.18,0.41
63.38,0.43
63.58,0.43
63.78,0.42
63.98,0.41
64.18,0.42
64.38,0.42
64.58,0.42
64.78,0.43
64.98,0.00
65.18,0.41
65.38,0.42
65.58,0.43
65.78,0.42
65.98,0.42
66.18,0.43
66.38,0.43
66.58,11.55
66.78,0.00
66.98,0.42
67.18,0.43
67.38,0.43
67.58,0.42
67.78,0.42
67.98,0.42
68.18,0.42
68.38,0.42
68.58,0.00
68.78,0.41
68.98,0.42
69.18,0.42
69.38,0.42
69.58,0.42
69.78,0.41
69.98,0.43
70.18,0.43
70.38,0.00
70.58,0.43
70.78,0.42
70.98,0.41
71.18,0.42
71.38,0.43
71.58,0.42
71.78,0.41
71.98,0.41
72.18,0.00
72.38,0.42
72.58,0.42
72.78,0.42
72.98,0.43
73.18,0.42
73.38,0.41
73.58,0.42
73.78,0.42
73.98,0.41
74.18,0.41
74.38,0.00
74.58,0.42
74.78,0.42
74.98,0.42
75.18,0.42
75.38,0.42
75.58,0.42
75.78,0.41
75.98,0.40
76.18,0.00
76.38,0.41
76.58,0.41
76.78,0.42
76.98,0.44
77.18,0.44
77.38,0.42
77.58,0.41
77.78,0.43
77.98,0.00
78.18,0.42
78.38,0.42
78.58,0.42
78.78,13.07
78.98,0.41
79.18,0.42
79.38,0.43
79.58,0.43
79.78,0.42
79.98,0.00
80.18,0.41
80.38,0.00
80.58,0.42
80.78,0.42
80.98,0.42
81.18,0.43
81.38,0.41
81.58,0.41
81.78,0.00
81.98,0.41
82.18,0.41
82.38,0.44
82.58,0.44
82.78,0.43
82.98,0.42
83.18,0.41
83.38,0.42
83.58,0.42
83.78,0.00
83.98,0.42
84.18,0.43
84.38,0.43
84.58,0.43
84.78,0.43
84.98,0.42
85.18,0.42
85.38,0.00
85.58,0.43
85.78,0.41
85.98,0.40
86.18,0.42
86.38,0.43
86.58,0.42
86.78,0.41
86.98,0.42
87.18,0.42
87.38,0.00
87.58,0.42
87.78,0.44
87.98,0.43
88.18,0.42
88.38,0.42
88.58,0.43
88.78,0.42
88.98,0.41
89.18,0.00
89.38,0.42
89.58,0.43
89.78,0.42
89.98,0.41
90.18,0.42
90.38,0.43
90.58,0.44
90.78,0.41
90.98,0.00
91.18,0.41
91.38,0.43
91.58,0.43
91.78,0.42
91.98,0.41
92.18,12.85
92.38,0.43
92.58,0.44
92.78,0.43
92.98,0.00
93.18,0.42
93.38,0.43
93.58,0.42
93.78,0.43
93.98,0.42
94.18,0.41
94.38,0.42
94.58,0.41
94.78,0.00
94.98,0.41
95.18,0.41
95.38,0.42
95.58,0.44
95.78,0.42
95.98,0.42
96.18,0.42
96.38,0.41
96.58,0.41
96.78,0.00
96.98,0.41
97.18,0.41
97.38,0.42
97.58,0.42
97.78,0.43
97.98,0.43
98.18,0.43
98.38,0.43
98.58,0.00
98.78,0.44
98.98,0.44
99.18,0.42
99.38,0.42
99.58,0.43
99.78,0.42
99.98,0.42
100.18,0.43
100.38,0.43
100.58,0.00
100.78,0.41
100.98,0.42
101.18,0.42
101.38,0.43
101.58,0.44
101.78,0.42
101.98,0.42
102.18,0.00
102.38,0.44
102.58,0.44
102.78,0.42
102.98,0.41
103.18,0.42
103.38,0.44
103.58,0.44
103.78,0.44
103.98,0.00
104.18,0.43
104.38,11.60
104.58,0.43
104.78,0.43
104.98,0.43
105.18,0.43
105.38,0.42
105.58,0.42
105.78,0.43
105.98,0.43
106.18,0.00
106.38,0.42
106.58,0.40
106.78,0.41
106.98,0.42
107.18,0.42
107.38,0.43
107.58,0.43
107.78,0.43
107.98,0.00
108.18,0.43
108.38,0.43
108.58,0.43
108.78,0.43
108.98,0.42
109.18,0.42
109.38,0.42
109.58,0.43
109.78,0.43
109.98,0.00
110.18,0.43
110.38,0.43
110.58,0.42
110.78,0.42
110.98,0.42
111.18,0.42
111.38,0.41
111.58,0.42
111.78,0.00
111.98,0.44
112.18,0.42
112.38,0.41
112.58,0.42
112.78,0.41
112.98,0.40
113.18,0.42
113.38,0.42
113.58,0.42
113.78,0.00
113.98,0.42
114.18,0.41
114.38,0.40
114.58,0.42
114.78,0.44
114.98,0.42
115.18,0.43
115.38,0.41
115.58,0.00
115.78,0.41
115.98,0.44
116.18,0.43
116.38,12.30
116.58,0.41
116.78,0.41
116.98,0.42
117.18,0.00
117.38,0.43
117.58,0.43
117.78,0.43
117.98,0.42
118.18,0.42
118.38,0.43
118.58,0.44
118.78,0.43
118.98,0.41
119.18,0.42
119.38,0.00
119.58,0.43
119.78,0.42
119.98,0.41
120.18,0.43
120.38,0.43
120.58,0.41
120.78,0.41
120.98,0.00
121.18,0.42
121.38,0.44
121.58,0.42
121.78,0.41
121.98,0.42
122.18,0.43
122.38,0.43
122.58,0.42
122.78,0.00
122.98,0.41
123.18,0.00
123.38,0.42
123.58,0.42
123.78,0.42
123.98,0.42
124.18,0.41
124.38,0.41
124.58,0.41
124.78,0.00
124.98,0.43
125.18,0.44
125.38,0.42
125.58,0.42
125.78,0.43
125.98,0.43
126.18,0.41
126.38,0.40
126.58,0.00
126.78,0.42
126.98,0.00
127.18,0.42
127.38,0.42
127.58,0.42
127.78,0.42
127.98,0.42
128.18,0.43
128.38,0.41
128.58,0.42
128.78,0.00
128.98,0.43
129.18,0.43
129.38,0.43
129.58,0.43
129.78,15.39
129.98,0.42
130.18,0.43
130.38,0.00
130.58,0.44
130.78,0.42
130.98,0.42
131.18,0.42
131.38,0.42
131.58,0.43
131.78,0.42
131.98,0.43
132.18,0.44
132.38,0.00
132.58,0.43
132.78,0.41
132.98,0.41
133.18,0.41
133.38,0.43
133.58,0.44
133.78,0.43
133.98,0.41
134.18,0.00
134.38,0.42
134.58,0.42
134.78,0.43
134.98,0.43
135.18,0.42
135.38,0.42
135.58,0.42
135.78,0.41
135.98,0.00
136.18,0.40
136.38,0.40
136.58,0.41
136.78,0.42
136.98,0.42
137.18,0.42
137.38,0.42
137.58,0.41
137.78,0.00
137.98,0.40
138.18,0.41
138.38,0.42
138.58,0.42
138.78,0.43
138.98,0.42
139.18,0.42
139.38,0.43
139.58,0.42
139.78,0.00
139.98,0.41
140.18,0.42
140.38,0.43
140.58,0.43
140.78,0.42
140.98,0.42
141.18,0.42
141.38,0.41
141.58,0.00
141.78,0.41
141.98,0.41
142.18,0.40
142.38,0.41
142.58,0.43
142.78,0.43
142.98,0.42
143.18,15.32
143.38,0.41
143.58,0.00
143.78,0.41
143.98,0.42
144.18,0.43
144.38,0.41
144.58,0.42
144.78,0.42
144.98,0.41
145.18,0.41
145.38,0.00
145.58,0.42
145.78,0.43
145.98,0.42
146.18,0.42
146.38,0.42
146.58,0.42
146.78,0.42
146.98,0.43
147.18,0.44
147.38,0.00
147.58,0.44
147.78,0.42
147.98,0.42
148.18,0.41
148.38,0.42
148.58,0.43
148.78,0.44
148.98,0.41
149.18,0.00
149.38,0.40
149.58,0.41
149.78,0.42
149.98,0.41
150.18,0.41
150.38,0.40
150.58,0.41
150.78,0.42
150.98,0.00
151.18,0.42
151.38,0.00
151.58,0.43
151.78,0.43
151.98,0.41
152.18,0.41
152.38,0.42
152.58,0.41
152.78,0.42
152.98,0.00
153.18,0.41
153.38,0.40
153.58,0.40
153.78,0.41
153.98,0.41
154.18,0.40
154.38,0.42
154.58,0.43
154.78,0.00
154.98,0.43
155.18,0.43
155.38,16.99
155.58,0.41
155.78,0.41
155.98,0.42
156.18,0.43
156.38,0.42
156.58,0.00
156.78,0.40
156.98,0.40
157.18,0.42
157.38,0.41
157.58,0.43
157.78,0.43
157.98,0.42
158.18,0.42
158.38,0.43
158.58,0.00
158.78,0.43
158.98,0.43
159.18,0.41
159.38,0.42
159.58,0.42
159.78,0.41
159.98,0.42
160.18,0.00
160.38,0.43
160.58,0.41
160.78,0.00
160.98,0.41
161.18,0.42
161.38,0.41
161.58,0.42
161.78,0.41
161.98,0.41
162.18,0.42
162.38,0.00
162.58,0.42
162.78,0.41
162.98,0.41
163.18,0.42
163.38,0.43
163.58,0.43
163.78,0.43
163.98,0.00
164.18,0.43
164.38,0.43
164.58,0.43
164.78,0.43
164.98,0.41
165.18,0.41
165.38,0.43
165.58,0.43
165.78,0.42
165.98,0.00
166.18,0.41
166.38,0.43
166.58,0.42
166.78,0.41
166.98,0.42
167.18,0.42
167.38,0.40
167.58,0.41
167.78,0.42
167.98,0.42
168.18,0.00
168.38,0.43
168.58,0.43
168.78,15.52
168.98,0.40
169.18,0.41
169.38,0.42
169.58,0.43
169.78,0.00
169.98,0.42
170.18,0.42
170.38,0.42
170.58,0.40
170.78,0.41
170.98,0.42
171.18,0.41
171.38,0.43
171.58,0.00
171.78,0.43
171.98,0.41
172.18,0.42
172.38,0.43
172.58,0.43
172.78,0.42
172.98,0.41
173.18,0.40
173.38,0.42
173.58,0.00
173.78,0.42
173.98,0.42
174.18,0.43
174.38,0.43
174.58,0.41
174.78,0.40
174.98,0.42
175.18,0.42
175.38,0.00
175.58,0.42
175.78,0.43
175.98,0.42
176.18,0.41
176.38,0.41
176.58,0.41
176.78,0.41
176.98,0.42
177.18,0.00
177.38,0.42
177.58,0.41
177.78,0.41
177.98,0.42
178.18,0.42
178.38,0.42
178.58,0.42
178.78,0.42
178.98,0.42
179.18,0.00
179.38,0.43
179.58,0.43
179.78,0.42
179.98,0.41
180.18,0.41
180.38,0.41
180.58,0.41
180.78,0.42
180.98,0.42
181.18,0.00
181.38,0.40
181.58,0.40
181.78,0.41
181.98,0.42
182.18,15.63
182.38,0.44
182.58,0.43
182.78,0.43
182.98,0.00
183.18,0.43
183.38,0.44
183.58,0.43
183.78,0.42
183.98,0.40
184.18,0.41
184.38,0.44
184.58,0.43
184.78,0.00
184.98,0.40
185.18,0.41
185.38,0.42
185.58,0.41
185.78,0.41
185.98,0.41
186.18,0.42
186.38,0.42
186.58,0.41
186.78,0.00
186.98,0.42
187.18,0.43
187.38,0.43
187.58,0.43
187.78,0.43
187.98,0.41
188.18,0.41
188.38,0.42
188.58,0.00
188.78,0.42
188.98,0.43
189.18,0.43
189.38,0.42
189.58,0.41
189.78,0.43
189.98,0.43
190.18,0.42
190.38,0.00
190.58,0.44
190.78,0.43
190.98,0.42
191.18,0.42
191.38,0.42
191.58,0.44
191.78,0.42
191.98,0.41
192.18,0.43
192.38,0.00
192.58,0.42
192.78,0.42
192.98,0.43
193.18,0.43
193.38,0.43
193.58,0.43
193.78,0.43
193.98,0.43
194.18,0.00
194.38,0.42
194.58,0.42
194.78,0.42
194.98,0.43
195.18,0.43
195.38,0.43
195.58,11.92
195.78,0.42
195.98,0.41
196.18,0.00
196.38,0.41
196.58,0.42
196.78,0.42
196.98,0.41
197.18,0.42
197.38,0.42
197.58,0.42
197.78,0.00
197.98,0.43
198.18,0.41
198.38,0.40
198.58,0.40
198.78,0.40
198.98,0.40
199.18,0.43
199.38,0.42
199.58,0.41
199.78,0.43
199.98,0.00
200.18,0.42
200.38,0.42
200.58,0.44
200.78,0.44
200.98,0.42
201.18,0.42
201.38,0.42
201.58,0.41
201.78,0.00
201.98,0.41
202.18,0.42
202.38,0.42
202.58,0.40
202.78,0.41
202.98,0.41
203.18,0.42
203.38,0.43
203.58,0.00
203.78,13.81
203.98,0.43
204.18,0.41
204.38,0.41
204.58,0.43
204.78,0.43
204.98,0.43
205.18,0.43
205.38,0.00
205.58,0.43
205.78,0.42
205.98,0.42
206.18,0.43
206.38,13.86
206.58,0.42
206.78,0.40
206.98,0.40
207.18,0.00
207.38,0.41
207.58,0.42
207.78,0.42
207.98,0.42
208.18,0.42
208.38,0.42
208.58,0.43
208.78,0.43
208.98,0.43
209.18,0.43
209.38,0.00
209.58,0.42
209.78,0.42
209.98,0.43
210.18,0.42
210.38,0.43
210.58,0.43
210.78,0.42
210.98,0.42
211.18,0.00
211.38,0.43
211.58,0.42
211.78,0.41
211.98,0.43
212.18,0.43
212.38,0.42
212.58,0.41
212.78,0.41
212.98,0.00
213.18,0.40
213.38,0.40
213.58,0.42
213.78,0.43
213.98,0.43
214.18,0.42
214.38,0.41
214.58,0.41
214.78,0.00
214.98,0.43
215.18,0.42
215.38,0.41
215.58,0.41
215.78,16.29
215.98,0.42
216.18,0.42
216.38,0.41
216.58,0.00
216.78,0.41
216.98,0.42
217.18,0.42
217.38,0.42
217.58,0.42
217.78,0.42
217.98,0.42
218.18,0.41
218.38,0.41
218.58,0.00
218.78,0.42
218.98,0.43
219.18,0.44
219.38,0.44
219.58,0.44
219.78,0.43
219.98,0.41
220.18,0.41
220.38,0.43
220.58,0.00
220.78,0.44
220.98,0.42
221.18,0.42
221.38,0.43
221.58,0.41
221.78,0.41
221.98,0.42
222.18,0.00
222.38,0.43
222.58,0.42
222.78,0.41
222.98,0.41
223.18,0.00
223.38,0.41
223.58,0.41
223.78,0.42
223.98,0.41
224.18,0.00
224.38,0.41
224.58,0.42
224.78,0.41
224.98,0.42
225.18,0.00
225.38,0.42
225.58,0.42
225.78,0.00
225.98,0.43
226.18,0.43
226.38,0.42
226.58,0.00
226.78,0.42
226.98,0.42
227.18,0.00
227.38,0.21
227.58,0.00
227.78,0.00
227.98,0.00
228.18,0.00
228.38,0.00
228.58,0.00
228.78,0.00
228.98,0.00
229.18,0.00
229.38,0.46
229.58,0.00
229.78,0.00
229.98,0.00
230.18,88.69
